-0.731342 2.155452 2.475231 -0.000000 0.000000 0.000000 1.000000 1.000000 1.000000
1.265764 2.629670 3.643341 -0.000000 0.000000 0.000000 1.000000 1.000000 1.000000
3.894979 2.028798 3.695766 -0.000000 0.000000 0.000000 1.000000 1.000000 1.000000
-0.731342 2.155452 2.475231 -0.000000 0.000000 0.000000 1.000000 1.000000 1.000000
1.265764 2.629670 3.643341 -0.000000 0.000000 0.000000 1.000000 1.000000 1.000000
3.894979 2.028798 3.695766 -0.000000 0.000000 0.000000 1.000000 1.000000 1.000000
4.603569 3.719352 2.891850 -0.000000 0.000000 0.000000 1.000000 1.000000 1.000000
7.802328 3.478908 3.625509 -0.000000 0.000000 0.000000 1.000000 1.000000 1.000000
10.985023 2.712611 2.614413 -0.000000 0.000000 0.000000 1.000000 1.000000 1.000000
12.876963 1.740373 0.479474 -0.000000 0.000000 0.000000 1.000000 1.000000 1.000000
13.581091 1.924256 -2.283476 -0.000000 0.000000 0.000000 1.000000 1.000000 1.000000
13.130181 3.012622 -4.472905 -0.000000 0.000000 0.000000 1.000000 1.000000 1.000000
11.630568 3.489415 -6.643954 -0.000000 0.000000 0.000000 1.000000 1.000000 1.000000
